learning_rate: 0.010000
dim: 100
topk: 100
lamda_u: 0.010000
lamda_i: 0.010000
lamda_j: 0.010000
lamda_bias: 1.000000
users_num=17578
movies_num=3650
train_num: 176289
test_num=61668
0       0       0       0.00114026
1       0       0       0.00107935
2       0       0       0.00107747
3       0       0       0.00104397
4       0       0       0.0010181
5       0       0       0.000999229
6       0       0       0.000985753
7       0       0       0.00095992
8       0       0       0.000947633
9       0       0       0.00095606
10      0       0       0.00091528
11      0       0       0.000901114
12      0       0       0.000877867
13      0       0       0.000890061
14      0       0       0.000870506
15      0       0       0.000868431
16      0       0       0.000877947
17      0       0       0.00089314
18      0       0       0.000929411
19      0       0       0.000929345
20      0       0       0.000945712
21      0       0       0.000916616
22      0       0       0.000929037
23      0       0       0.000945384
24      0       0       0.000957351
25      0       0       0.000977534
26      0       0       0.00102227
27      0       0       0.00105419
28      0       0       0.00109244
29      0       0       0.00115191
30      0       0       0.00121071
31      0       0       0.00124543
32      0       0       0.00130935
33      0       0       0.00139437
34      0       0       0.00148741
35      0       0       0.00159183
36      0       0       0.00175033
37      0       0       0.00188795
38      0       0       0.00210208
39      0       0       0.00234365
40      0       0       0.00264185
41      0       0       0.00290283
42      0       0       0.00325933
43      0       0       0.00362733
44      0       0       0.00395044
45      0       0       0.00446504
46      0       0       0.00491338
47      0       0       0.00534056
48      0       0       0.00593414
49      0       0       0.00652253
50      0       0       0.00704688
51      0       0       0.00768597
52      0       0       0.00842672
53      0       0       0.00908914
54      0       0       0.00980356
55      0       0       0.0104941
56      0       0       0.0112803
57      0       0       0.011916
58      0       0       0.012581
59      0       0       0.013362
60      0       0       0.0140667
61      0       0       0.0149037
62      0       0       0.0156162
63      0       0       0.0164893
64      0       0       0.0172795
65      0       0       0.0180431
66      0       0       0.0189652
67      0       0       0.0196864
68      0       0       0.0205104
69      0       0       0.0211769
70      0       0       0.0219814
71      0       0       0.0228038
72      0       0       0.0235824
73      0       0       0.0242423
74      0       0       0.0251711
75      0       0       0.0258291
76      0       0       0.0263994
77      0       0       0.0271566
78      0       0       0.0277283
79      0       0       0.0284318
80      0       0       0.0291849
81      0       0       0.0298472
82      0       0       0.0304089
83      0       0       0.0308737
84      0       0       0.0314204
85      0       0       0.0322234
86      0       0       0.0327048
87      0       0       0.0332321
88      0       0       0.0338783
89      0       0       0.0345065
90      0       0       0.0350317
91      0       0       0.0355386
92      0       0       0.0359351
93      0       0       0.0363276
94      0       0       0.0368201
95      0       0       0.0372534
96      0       0       0.0377366
97      0       0       0.0382446
98      0       0       0.0385834
99      0       0       0.0391044
100     0       0       0.0394975
101     0       0       0.039974
102     0       0       0.0403483
103     0       0       0.0407841
104     0       0       0.0411419
105     0       0       0.0415327
106     0       0       0.0418363
107     0       0       0.0420986
108     0       0       0.0423771
109     0       0       0.0426127
110     0       0       0.0428886
111     0       0       0.0431386
112     0       0       0.0434446
113     0       0       0.0436047
114     0       0       0.0438405
115     0       0       0.0440129
116     0       0       0.0442118
117     0       0       0.0444266
118     0       0       0.0446387
119     0       0       0.0447913
120     0       0       0.0448234
121     0       0       0.0448835
122     0       0       0.0449864
123     0       0       0.0450039
124     0       0       0.0451295
125     0       0       0.0453226
126     0       0       0.0455265
127     0       0       0.0456348
128     0       0       0.0456382
129     0       0       0.0456944
130     0       0       0.0457619
131     0       0       0.0458599
132     0       0       0.0459595
133     0       0       0.0460434
134     0       0       0.0460738
135     0       0       0.0461366
136     0       0       0.0461451
137     0       0       0.0461573
138     0       0       0.0461825
139     0       0       0.046209
140     0       0       0.0461886
141     0       0       0.0462485
142     0       0       0.0463775
143     0       0       0.0463653
144     0       0       0.0464189
145     0       0       0.0464494
146     0       0       0.0464218
147     0       0       0.046372
148     0       0       0.0464402
149     0       0       0.0465228
150     0       0       0.0465426
151     0       0       0.0465458
152     0       0       0.0465936
153     0       0       0.0465607
154     0       0       0.0466098
155     0       0       0.0466376
156     0       0       0.046689
157     0       0       0.046702
158     0       0       0.0467161
159     0       0       0.0467375
160     0       0       0.0467373
161     0       0       0.046729
162     0       0       0.0467771
163     0       0       0.0468268
164     0       0       0.0468242
165     0       0       0.0468466
166     0       0       0.0468494
167     0       0       0.0468746
168     0       0       0.0469011
169     0       0       0.0467687
170     0       0       0.0467548
171     0       0       0.0468767
172     0       0       0.0470016
173     0       0       0.0469677
174     0       0       0.0467671
175     0       0       0.0469531
176     0       0       0.0470283
177     0       0       0.0469745
178     0       0       0.0465862
179     0       0       0.046986
180     0       0       0.0470499
181     0       0       0.0469642
182     0       0       0.0466429
183     0       0       0.0466075
184     0       0       0.0469282
185     0       0       0.0468777
186     0       0       0.0464139
187     0       0       0.0462315
188     0       0       0.0458463
189     0       0       0.045603
190     0       0       0.0459426
191     0       0       0.0460494
192     0       0       0.0464061
193     0       0       0.0464568
194     0       0       0.0461438
195     0       0       0.0462502
196     0       0       0.0458953
197     0       0       0.0458043
198     0       0       0.0455057
199     0       0       0.0453278
200     0       0       0.0456487
201     0       0       0.0454839
202     0       0       0.0456412
203     0       0       0.0447567
204     0       0       0.044393
205     0       0       0.0448772
206



