learning_rate: 0.010000
dim: 20
topk: 100
lamda_u: 0.010000
lamda_i: 0.010000
lamda_j: 0.010000
lamda_bias: 1.000000
users_num=17578
movies_num=3650
train_num: 176289
test_num=61668
0       0       0       0.000933081
1       0       0       0.000906021
2       0       0       0.000869675
3       0       0       0.000853693
4       0       0       0.000834604
5       0       0       0.000815522
6       0       0       0.00080986
7       0       0       0.000810139
8       0       0       0.000809706
9       0       0       0.000796674
10      0       0       0.000822247
11      0       0       0.000813028
12      0       0       0.00077321
13      0       0       0.000814731
14      0       0       0.000815534
15      0       0       0.000813667
16      0       0       0.00082011
17      0       0       0.000842255
18      0       0       0.000846006
19      0       0       0.000852456
20      0       0       0.000850998
21      0       0       0.000858639
22      0       0       0.000874637
23      0       0       0.000915207
24      0       0       0.00092397
25      0       0       0.00103316
26      0       0       0.00101307
27      0       0       0.00106064
28      0       0       0.00111162
29      0       0       0.00114198
30      0       0       0.00118126
31      0       0       0.00124268
32      0       0       0.00130643
33      0       0       0.00134918
34      0       0       0.0014215
35      0       0       0.0015166
36      0       0       0.00168599
37      0       0       0.0018921
38      0       0       0.00202707
39      0       0       0.0022458
40      0       0       0.00255274
41      0       0       0.00284393
42      0       0       0.0030114
43      0       0       0.00338508
44      0       0       0.00374947
45      0       0       0.00416327
46      0       0       0.00449235
47      0       0       0.00490477
48      0       0       0.00542078
49      0       0       0.00581374
50      0       0       0.00618668
51      0       0       0.00659863
52      0       0       0.00709491
53      0       0       0.0076809
54      0       0       0.00823816
55      0       0       0.00876445
56      0       0       0.00920191
57      0       0       0.00986229
58      0       0       0.0104135
59      0       0       0.0110681
60      0       0       0.011696
61      0       0       0.0123051
62      0       0       0.0130533
63      0       0       0.0134531
64      0       0       0.0142604
65      0       0       0.0150145
66      0       0       0.0156483
67      0       0       0.0162969
68      0       0       0.0170081
69      0       0       0.0176166
70      0       0       0.0182608
71      0       0       0.0189651
72      0       0       0.0195789
73      0       0       0.0202447
74      0       0       0.0208859
75      0       0       0.0215448
76      0       0       0.0223891
77      0       0       0.0230367
78      0       0       0.0237726
79      0       0       0.0244302
80      0       0       0.0250025
81      0       0       0.0254575
82      0       0       0.0261152
83      0       0       0.0266739
84      0       0       0.0272757
85      0       0       0.0280111
86      0       0       0.028556
87      0       0       0.029096
88      0       0       0.0296801
89      0       0       0.0301861
90      0       0       0.0307093
91      0       0       0.0311077
92      0       0       0.0316088
93      0       0       0.0320929
94      0       0       0.0327421
95      0       0       0.0330246
96      0       0       0.033505
97      0       0       0.0340181
98      0       0       0.0344184
99      0       0       0.0348988
100     0       0       0.0352189
101     0       0       0.0356475
102     0       0       0.0360551
103     0       0       0.0365705
104     0       0       0.0370474
105     0       0       0.0376206
106     0       0       0.0379806
107     0       0       0.0382069
108     0       0       0.0386982
109     0       0       0.0389909
110     0       0       0.0392389
111     0       0       0.0395481
112     0       0       0.0398984
113     0       0       0.0401572
114     0       0       0.0405822
115     0       0       0.0408534
116     0       0       0.0410297
117     0       0       0.0413451
118     0       0       0.0416626
119     0       0       0.0419074
120     0       0       0.0419639
121     0       0       0.0421827
122     0       0       0.04231
123     0       0       0.0425194
124     0       0       0.0427372
125     0       0       0.0427569
126     0       0       0.0428914
127     0       0       0.0429338
128     0       0       0.0430933
129     0       0       0.0432404
130     0       0       0.0433546
131     0       0       0.0433883
132     0       0       0.0435462
133     0       0       0.0435324
134     0       0       0.0435301
135     0       0       0.0437194
136     0       0       0.0437356
137     0       0       0.0438876
138     0       0       0.0438658
139     0       0       0.0439813
140     0       0       0.0440841
141     0       0       0.0441852
142     0       0       0.0443271
143     0       0       0.044412
144     0       0       0.0445479
145     0       0       0.0444044
146     0       0       0.0445773
147     0       0       0.0444711
148     0       0       0.0445464
149     0       0       0.0446715
150     0       0       0.0446473
151     0       0       0.0445531
152     0       0       0.0447482
153     0       0       0.0447286
154     0       0       0.0447263
155     0       0       0.0446574
156     0       0       0.0446437
157     0       0       0.0447221
158     0       0       0.0446599
159     0       0       0.0447907
160     0       0       0.0449795
161     0       0       0.0449654
162     0       0       0.0448372
163     0       0       0.0448024
164     0       0       0.0448311
165     0       0       0.044723
166     0       0       0.0448594
167     0       0       0.0450942
168     0       0       0.0456092
169     0       0       0.0455368
170     0       0       0.045881
171     0       0       0.0459676
172     0       0       0.0463249
173     0       0       0.0466489
174     0       0       0.0462337
175     0       0       0.0464942
176     0       0       0.0462865
177     0       0       0.0464302
178     0       0       0.0466639
179     0       0       0.0463551
180     0       0       0.0462653
181     0       0       0.0462272
182     0       0       0.046886
183     0       0       0.047122
184     0       0       0.0472238
185     0       0       0.0471001
186     0       0       0.0462579
187     0       0       0.0470238
188     0       0       0.0462277
189     0       0       0.0466204
190     0       0       0.0465728
191     0       0       0.0460185
192     0       0       0.0466722
193     0       0       0.0467715
194     0       0       0.0470426
195     0       0       0.0484181
196     0       0       0.0478068
197     0       0       0.0470789
198     0       0       0.0470308
199     0       0       0.0473317
200     0       0       0.0485102
201     0       0       0.0485458
202     0       0       0.0489348
203     0       0       0.0492424
204     0       0       0.0487048
205     0       0       0.0484475
206     0       0       0.0482387
207