learning_rate: 0.010000
dim: 40
topk: 100
lamda_u: 0.010000
lamda_i: 0.010000
lamda_j: 0.010000
lamda_bias: 1.000000
users_num=17578
movies_num=3650
train_num: 176289
test_num=61668
0       0       0       0.00143019
1       0       0       0.00140294
2       0       0       0.0013478
3       0       0       0.0013131
4       0       0       0.0012744
5       0       0       0.00126249
6       0       0       0.00123132
7       0       0       0.00124016
8       0       0       0.00125662
9       0       0       0.001193
10      0       0       0.00118645
11      0       0       0.00118442
12      0       0       0.00117006
13      0       0       0.0012006
14      0       0       0.00124277
15      0       0       0.00127266
16      0       0       0.00126211
17      0       0       0.00130316
18      0       0       0.0013129
19      0       0       0.0013326
20      0       0       0.00132993
21      0       0       0.00134783
22      0       0       0.00137768
23      0       0       0.00141292
24      0       0       0.00145879
25      0       0       0.00148082
26      0       0       0.00154172
27      0       0       0.00159756
28      0       0       0.00165785
29      0       0       0.00169278
30      0       0       0.00179925
31      0       0       0.00189231
32      0       0       0.00202558
33      0       0       0.00217749
34      0       0       0.00247507
35      0       0       0.00264506
36      0       0       0.00280364
37      0       0       0.00296603
38      0       0       0.00311256
39      0       0       0.00333348
40      0       0       0.00359792
41      0       0       0.00398357
42      0       0       0.00429758
43      0       0       0.0046673
44      0       0       0.00506936
45      0       0       0.00544224
46      0       0       0.00586232
47      0       0       0.00623338
48      0       0       0.00674905
49      0       0       0.00723877
50      0       0       0.00791815
51      0       0       0.0083073
52      0       0       0.00879258
53      0       0       0.00933379
54      0       0       0.0100714
55      0       0       0.0106909
56      0       0       0.011301
57      0       0       0.01198
58      0       0       0.0126224
59      0       0       0.0132274
60      0       0       0.0140753
61      0       0       0.0146268
62      0       0       0.0153763
63      0       0       0.0161632
64      0       0       0.0168005
65      0       0       0.017391
66      0       0       0.0179907
67      0       0       0.0185418
68      0       0       0.01936
69      0       0       0.0201202
70      0       0       0.020799
71      0       0       0.0215119
72      0       0       0.0221305
73      0       0       0.0227573
74      0       0       0.0236243
75      0       0       0.0241548
76      0       0       0.0247903
77      0       0       0.0253983
78      0       0       0.0261561
79      0       0       0.0266324
80      0       0       0.0271582
81      0       0       0.0276867
82      0       0       0.0283533
83      0       0       0.0288603
84      0       0       0.0294655
85      0       0       0.0301352
86      0       0       0.0306188
87      0       0       0.0313214
88      0       0       0.0318334
89      0       0       0.0325005
90      0       0       0.0330082
91      0       0       0.0335973
92      0       0       0.0340505
93      0       0       0.0345145
94      0       0       0.0349561
95      0       0       0.0353155
96      0       0       0.0358072
97      0       0       0.0362836
98      0       0       0.0366121
99      0       0       0.0370447
100     0       0       0.037382
101     0       0       0.0378622
102     0       0       0.0384069
103     0       0       0.0386356
104     0       0       0.0388792
105     0       0       0.0394726
106     0       0       0.0397165
107     0       0       0.0400712
108     0       0       0.0402692
109     0       0       0.0405654
110     0       0       0.0408239
111     0       0       0.0411421
112     0       0       0.0414462
113     0       0       0.0417873
114     0       0       0.0420381
115     0       0       0.0422508
116     0       0       0.0425216
117     0       0       0.0426753
118     0       0       0.042886
119     0       0       0.042959
120     0       0       0.0432386
121     0       0       0.0433292
122     0       0       0.0433948
123     0       0       0.0435837
124     0       0       0.0436914
125     0       0       0.0440076
126     0       0       0.0441377
127     0       0       0.0442003
128     0       0       0.0443315
129     0       0       0.04439
130     0       0       0.0445416
131     0       0       0.0445483
132     0       0       0.0447592
133     0       0       0.0447664
134     0       0       0.0448194
135     0       0       0.0449679
136     0       0       0.0450508
137     0       0       0.0450172
138     0       0       0.0450457
139     0       0       0.0451331
140     0       0       0.0450979
141     0       0       0.045085
142     0       0       0.0452803
143     0       0       0.0453058
144     0       0       0.0453493
145     0       0       0.0453361
146     0       0       0.0454494
147     0       0       0.0455496
148     0       0       0.0457545
149     0       0       0.045849
150     0       0       0.0457731
151     0       0       0.0458608
152     0       0       0.0456439
153     0       0       0.0455864
154     0       0       0.0456442
155     0       0       0.0456206
156     0       0       0.0455437
157     0       0       0.0456725
158     0       0       0.0455647
159     0       0       0.0457038
160     0       0       0.0455881
161     0       0       0.0457536
162     0       0       0.0456368
163     0       0       0.0458384
164     0       0       0.0456883
165     0       0       0.045808
166     0       0       0.0459754
167     0       0       0.046034
168     0       0       0.0458266
169     0       0       0.0457844
170     0       0       0.0455352
171     0       0       0.045372
172     0       0       0.0452784
173     0       0       0.0453098
174     0       0       0.0455904
175     0       0       0.0451294
176     0       0       0.0450074
177     0       0       0.0450019
178     0       0       0.0449316
179     0       0       0.0451901
180     0       0       0.0451673
181     0       0       0.0449673
182     0       0       0.0450381
183     0       0       0.0448863
184     0       0       0.0448905
185     0       0       0.044909
186     0       0       0.0447983
187     0       0       0.0452108
188     0       0       0.0451888
189     0       0       0.0450894
190     0       0       0.045683
191     0       0       0.0461879
192     0       0       0.0457507
193     0       0       0.0475567
194     0       0       0.0466586
195     0       0       0.0462657
196     0       0       0.0468517
197     0       0       0.0463266
198     0       0       0.0469264
199     0       0       0.0465971
200     0       0       0.0458657
201     0       0       0.0461301
202     0       0       0.0460031
203











