learning_rate: 0.010000
dim: 60
topk: 100
lamda_u: 0.010000
lamda_i: 0.010000
lamda_j: 0.010000
lamda_bias: 1.000000
users_num=17578
movies_num=3650
train_num: 176289
test_num=61668
0       0       0       0.00126982
1       0       0       0.00120854
2       0       0       0.00119051
3       0       0       0.00110075
4       0       0       0.00107427
5       0       0       0.00103254
6       0       0       0.00103797
7       0       0       0.00100253
8       0       0       0.0010028
9       0       0       0.000995842
10      0       0       0.000988056
11      0       0       0.000991248
12      0       0       0.00098694
13      0       0       0.000988108
14      0       0       0.000980039
15      0       0       0.000990011
16      0       0       0.00100124
17      0       0       0.000998362
18      0       0       0.00101117
19      0       0       0.00104177
20      0       0       0.001036
21      0       0       0.00107994
22      0       0       0.00110888
23      0       0       0.00112932
24      0       0       0.00116477
25      0       0       0.00119135
26      0       0       0.00121217
27      0       0       0.00128771
28      0       0       0.00136159
29      0       0       0.00142853
30      0       0       0.00150995
31      0       0       0.00162293
32      0       0       0.00173746
33      0       0       0.00183133
34      0       0       0.00200609
35      0       0       0.00209365
36      0       0       0.00226105
37      0       0       0.00245966
38      0       0       0.00262688
39      0       0       0.002829
40      0       0       0.00303227
41      0       0       0.00329543
42      0       0       0.00351251
43      0       0       0.00372875
44      0       0       0.00398163
45      0       0       0.0043747
46      0       0       0.00485546
47      0       0       0.00526698
48      0       0       0.00584203
49      0       0       0.00638273
50      0       0       0.00689665
51      0       0       0.00749482
52      0       0       0.0080396
53      0       0       0.00888807
54      0       0       0.00952427
55      0       0       0.0101256
56      0       0       0.0108585
57      0       0       0.011618
58      0       0       0.0122416
59      0       0       0.0129287
60      0       0       0.0136382
61      0       0       0.0143658
62      0       0       0.0153187
63      0       0       0.0161571
64      0       0       0.016957
65      0       0       0.0176071
66      0       0       0.0182685
67      0       0       0.0189518
68      0       0       0.0197162
69      0       0       0.0205621
70      0       0       0.0212514
71      0       0       0.0219131
72      0       0       0.0226714
73      0       0       0.0235094
74      0       0       0.0243502
75      0       0       0.0250681
76      0       0       0.0256513
77      0       0       0.02643
78      0       0       0.02707
79      0       0       0.0277656
80      0       0       0.0285796
81      0       0       0.0291914
82      0       0       0.0298898
83      0       0       0.0304405
84      0       0       0.030881
85      0       0       0.0314206
86      0       0       0.031916
87      0       0       0.0323729
88      0       0       0.0328682
89      0       0       0.033426
90      0       0       0.0340129
91      0       0       0.0344219
92      0       0       0.0350911
93      0       0       0.0356675
94      0       0       0.0361337
95      0       0       0.0367179
96      0       0       0.0370441
97      0       0       0.0376372
98      0       0       0.0382076
99      0       0       0.0386565
100     0       0       0.0391835
101     0       0       0.0396897
102     0       0       0.0400377
103     0       0       0.0404365
104     0       0       0.0408121
105     0       0       0.0411434
106     0       0       0.0415009
107     0       0       0.0417042
108     0       0       0.0420881
109     0       0       0.042445
110     0       0       0.0425713
111     0       0       0.0428318
112     0       0       0.0430004
113     0       0       0.043263
114     0       0       0.0435131
115     0       0       0.0436817
116     0       0       0.0438662
117     0       0       0.0440004
118     0       0       0.0441537
119     0       0       0.0442161
120     0       0       0.0444213
121     0       0       0.0444849
122     0       0       0.0446333
123     0       0       0.0448441
124     0       0       0.0450196
125     0       0       0.0451714
126     0       0       0.0453413
127     0       0       0.0454217
128     0       0       0.0455032
129     0       0       0.0455712
130     0       0       0.0456529
131     0       0       0.0457377
132     0       0       0.0458451
133     0       0       0.045956
134     0       0       0.0458725
135     0       0       0.0459176
136     0       0       0.0460075
137     0       0       0.045983
138     0       0       0.0460475
139     0       0       0.0460611
140     0       0       0.0461197
141     0       0       0.046184
142     0       0       0.0462604
143     0       0       0.0462594
144     0       0       0.0462805
145     0       0       0.0463161
146     0       0       0.046334
147     0       0       0.0462841
148     0       0       0.046255
149     0       0       0.0463208
150     0       0       0.0463863
151     0       0       0.0463457
152     0       0       0.0463246
153     0       0       0.0463602
154     0       0       0.0463915
155     0       0       0.0462983
156     0       0       0.046358
157     0       0       0.0463428
158     0       0       0.0461957
159     0       0       0.0461997
160     0       0       0.0462412
161     0       0       0.0462727
162     0       0       0.0462801
163     0       0       0.046361
164     0       0       0.0463347
165     0       0       0.046388
166     0       0       0.0463742
167     0       0       0.0463726
168     0       0       0.0463943
169     0       0       0.0461569
170     0       0       0.0460381
171     0       0       0.0458741
172     0       0       0.0456689
173     0       0       0.0458225
174     0       0       0.0458633
175     0       0       0.0461663
176     0       0       0.0460232
177     0       0       0.0460331
178     0       0       0.0459073
179     0       0       0.0461418
180     0       0       0.0464652
181     0       0       0.0464351
182     0       0       0.0458488
183     0       0       0.0461244
184     0       0       0.0457785
185     0       0       0.0462181
186     0       0       0.0457808
187     0       0       0.0458751
188     0       0       0.046129
189     0       0       0.0462683
190     0       0       0.0460905
191     0       0       0.0465865
192     0       0       0.0472491
193     0       0       0.0477388
194     0       0       0.0485947
195     0       0       0.0484053
196     0       0       0.0464392
197     0       0       0.0462977
198     0       0       0.0461409
199     0       0       0.0475627
200     0       0       0.0486394
201     0       0       0.0500152
202     0       0       0.0505856
203     0       0       0.0489209
204     0       0       0.0498314
205     0       0       0.0460299
206     0       0       0.0474041
207     0       0       0.0491189
208