learning_rate: 0.010000
dim: 80
topk: 100
lamda_u: 0.010000
lamda_i: 0.010000
lamda_j: 0.010000
lamda_bias: 1.000000
users_num=17578
movies_num=3650
train_num: 176289
test_num=61668
0       0       0       0.00114008
1       0       0       0.00113024
2       0       0       0.00109812
3       0       0       0.0010673
4       0       0       0.00105379
5       0       0       0.00103578
6       0       0       0.00103811
7       0       0       0.00101708
8       0       0       0.00102667
9       0       0       0.0010084
10      0       0       0.000999598
11      0       0       0.000981889
12      0       0       0.000971356
13      0       0       0.000962861
14      0       0       0.000973348
15      0       0       0.000963104
16      0       0       0.000977026
17      0       0       0.000984484
18      0       0       0.000993181
19      0       0       0.00102331
20      0       0       0.00103857
21      0       0       0.00106473
22      0       0       0.00109401
23      0       0       0.0010804
24      0       0       0.00109222
25      0       0       0.00110865
26      0       0       0.00115089
27      0       0       0.0011851
28      0       0       0.00123138
29      0       0       0.00131264
30      0       0       0.00134928
31      0       0       0.00141715
32      0       0       0.00151486
33      0       0       0.00165645
34      0       0       0.00184165
35      0       0       0.00200653
36      0       0       0.0021929
37      0       0       0.00231941
38      0       0       0.00252506
39      0       0       0.00264005
40      0       0       0.00289112
41      0       0       0.0031841
42      0       0       0.00362025
43      0       0       0.00395489
44      0       0       0.00435501
45      0       0       0.00469285
46      0       0       0.00521776
47      0       0       0.00563152
48      0       0       0.00609923
49      0       0       0.00670869
50      0       0       0.00740646
51      0       0       0.0079199
52      0       0       0.00864645
53      0       0       0.00909502
54      0       0       0.00970186
55      0       0       0.0103425
56      0       0       0.0109385
57      0       0       0.0117903
58      0       0       0.0123976
59      0       0       0.013273
60      0       0       0.0140381
61      0       0       0.0147185
62      0       0       0.0154811
63      0       0       0.0161491
64      0       0       0.0168711
65      0       0       0.0176261
66      0       0       0.0180214
67      0       0       0.0186132
68      0       0       0.0193378
69      0       0       0.0201175
70      0       0       0.0208258
71      0       0       0.0214387
72      0       0       0.0221894
73      0       0       0.02283
74      0       0       0.0236036
75      0       0       0.0243866
76      0       0       0.0250406
77      0       0       0.0257025
78      0       0       0.026376
79      0       0       0.0270371
80      0       0       0.0276721
81      0       0       0.0284135
82      0       0       0.0289813
83      0       0       0.0297535
84      0       0       0.0303847
85      0       0       0.0309856
86      0       0       0.0315301
87      0       0       0.0321194
88      0       0       0.0326171
89      0       0       0.0331447
90      0       0       0.0338666
91      0       0       0.0343776
92      0       0       0.0351422
93      0       0       0.0355226
94      0       0       0.0359753
95      0       0       0.036386
96      0       0       0.0368493
97      0       0       0.0373488
98      0       0       0.0378421
99      0       0       0.0382208
100     0       0       0.0386704
101     0       0       0.0389742
102     0       0       0.0394456
103     0       0       0.0397603
104     0       0       0.0400979
105     0       0       0.0405146
106     0       0       0.0408437
107     0       0       0.0410775
108     0       0       0.0414182
109     0       0       0.0416812
110     0       0       0.0421017
111     0       0       0.0423629
112     0       0       0.0425712
113     0       0       0.0428162
114     0       0       0.043044
115     0       0       0.0432975
116     0       0       0.0436023
117     0       0       0.0437929
118     0       0       0.0440345
119     0       0       0.0441579
120     0       0       0.0443013
121     0       0       0.0444518
122     0       0       0.0445964
123     0       0       0.0447368
124     0       0       0.0447779
125     0       0       0.0448588
126     0       0       0.0450504
127     0       0       0.0451922
128     0       0       0.0453045
129     0       0       0.0453275
130     0       0       0.0453248
131     0       0       0.0454131
132     0       0       0.0455108
133     0       0       0.0455919
134     0       0       0.0456684
135     0       0       0.0456874
136     0       0       0.0457486
137     0       0       0.0458218
138     0       0       0.0457856
139     0       0       0.045902
140     0       0       0.0459722
141     0       0       0.0461352
142     0       0       0.0461627
143     0       0       0.0462
144     0       0       0.0462839
145     0       0       0.0462792
146     0       0       0.0463603
147     0       0       0.0464033
148     0       0       0.0463812
149     0       0       0.0463791
150     0       0       0.0463402
151     0       0       0.0463949
152     0       0       0.0464206
153     0       0       0.0463645
154     0       0       0.0464369
155     0       0       0.0464471
156     0       0       0.0464625
157     0       0       0.0464916
158     0       0       0.0464717
159     0       0       0.0464623
160     0       0       0.0464117
161     0       0       0.0463559
162     0       0       0.0463272
163     0       0       0.0461168
164     0       0       0.0459836
165     0       0       0.0460322
166     0       0       0.0461209
167     0       0       0.0461217
168     0       0       0.046095
169     0       0       0.0461236
170     0       0       0.0462839
171     0       0       0.0464366
172     0       0       0.0461863
173     0       0       0.0460199
174     0       0       0.0460826
175     0       0       0.0459354
176     0       0       0.0459215
177     0       0       0.0458435
178     0       0       0.0457095
179     0       0       0.0457038
180     0       0       0.0456821
181     0       0       0.0458515
182     0       0       0.0458477
183     0       0       0.045681
184     0       0       0.0456062
185     0       0       0.0454841
186     0       0       0.0454154
187     0       0       0.045369
188     0       0       0.0454713
189     0       0       0.0455683
190     0       0       0.0454399
191     0       0       0.0450306
192     0       0       0.0450335
193     0       0       0.0454815
194     0       0       0.0453608
195     0       0       0.0452549
196     0       0       0.0451573
197     0       0       0.0452414
198     0       0       0.0450983
199     0       0       0.0454379
200