learning_rate: 0.010000
dim: 40
topk: 100
lamda_u: 0.010000
lamda_i: 0.010000
lamda_j: 0.010000
lamda_bias: 1.000000

rlearning_rate: 0.010000
rdim: 200
lamda_e: 0.100000
lamda_r: 0.100000
lamda_m: 0.100000
users_num=17578
movies_num=3650
train_num: 176289
test_num=61668
match_num=25155
e_num=14712
r_num=5
0       0       0       0.00232213
1       0       0       0.00310319
2       0       0       0.00481309
3       0       0       0.0113098
4       0       0       0.012756
5       0       0       0.0130594
6       0       0       0.0143719
7       0       0       0.0163306
8       0       0       0.0184284
9       0       0       0.020284
10      0       0       0.0242242
11      0       0       0.0264534
12      0       0       0.0296024
13      0       0       0.0311854
14      0       0       0.0347572
15      0       0       0.0375792
16      0       0       0.0384575
17      0       0       0.0402167
18      0       0       0.041356
19      0       0       0.042576
20      0       0       0.0430278
21      0       0       0.0441192
22      0       0       0.0447311
23      0       0       0.045325
24      0       0       0.0455043
25      0       0       0.0461112
26      0       0       0.0465589
27      0       0       0.0468945
28      0       0       0.0467611
29      0       0       0.0471379
30      0       0       0.0471818
31      0       0       0.0473486
32      0       0       0.0475525
33      0       0       0.0479336
34      0       0       0.0477089
35      0       0       0.047681
36      0       0       0.0474593
37      0       0       0.0477664
38      0       0       0.0476984
39      0       0       0.0478424
40      0       0       0.0479304
41      0       0       0.0483959
42      0       0       0.0482315
43      0       0       0.0478342
44      0       0       0.0478682
45      0       0       0.0480618
46      0       0       0.04796
47      0       0       0.0483944
48      0       0       0.0483248
49      0       0       0.0478
50      0       0       0.0478468
51      0       0       0.0476374
52      0       0       0.0478849
53      0       0       0.047971
54      0       0       0.0479785
55      0       0       0.0481082
56      0       0       0.0480059
57      0       0       0.0483275
58      0       0       0.0483993
59      0       0       0.0473659
60      0       0       0.0483672
61      0       0       0.0478079
62      0       0       0.0479684
63      0       0       0.0483436
64      0       0       0.0483884
65      0       0       0.0479382
66      0       0       0.0475952
67      0       0       0.0483191
68      0       0       0.0486142
69      0       0       0.0479875
70      0       0       0.0468736
71      0       0       0.0464105
72      0       0       0.0475833
73      0       0       0.0490075
74      0       0       0.0485085
75      0       0       0.048258
76      0       0       0.0482055
77      0       0       0.0474487
78      0       0       0.0471763
79      0       0       0.0470646
80      0       0       0.0462405
81      0       0       0.047017
82      0       0       0.0466947
83      0       0       0.0472864
84      0       0       0.0470355
85      0       0       0.0481787
86      0       0       0.0464213
87      0       0       0.0491363
88      0       0       0.0463212
89      0       0       0.0468309
90      0       0       0.0449057
91      0       0       0.0459869
92      0       0       0.0454549
93      0       0       0.045828
94      0       0       0.0472592
95      0       0       0.0453337
96      0       0       0.0536223
97      0       0       0.0464616
98      0       0       0.0479468
99      0       0       0.0452709
100     0       0       0.0458919
101     0       0       0.0491137
102     0       0       0.0460677
103     0       0       0.0450547
104     0       0       0.045737
105     0       0       0.044056
106     0       0       0.0458744
107     0       0       0.0464453
108     0       0       0.0453922
109     0       0       0.045802
110     0       0       0.046852
111     0       0       0.0454848
112     0       0       0.0455994
113     0       0       0.0469559
114     0       0       0.0490391
115     0       0       0.0453384
116     0       0       0.0447715
117     0       0       0.0445651
118     0       0       0.0454156
119     0       0       0.0469805
120     0       0       0.0461481
121     0       0       0.0474625
122     0       0       0.0462606
123     0       0       0.0448673
124     0       0       0.0498726
125     0       0       0.0480962
126     0       0       0.0460616
127     0       0       0.052553
128     0       0       0.0464762
129     0       0       0.0470555
130     0       0       0.0523824
131     0       0       0.0467059
132     0       0       0.0457215
133     0       0       0.0459264
134     0       0       0.0448713
135     0       0       0.0471083
136     0       0       0.0458563
137     0       0       0.0451323
138     0       0       0.0462139
139     0       0       0.0438696
140     0       0       0.0535157
141     0       0       0.0462866
142     0       0       0.045227
143     0       0       0.0450549
144     0       0       0.0446643
145     0       0       0.0491692
146     0       0       0.0437258
147     0       0       0.0443889
148     0       0       0.04579
149     0       0       0.0452344
150     0       0       0.04922
151     0       0       0.0445116
152     0       0       0.0469711
153     0       0       0.046674
154     0       0       0.0433059
155     0       0       0.0461817
156     0       0       0.0446575
157     0       0       0.0439618
158     0       0       0.0450015
159     0       0       0.0451048
160     0       0       0.0490144
161     0       0       0.0451168
162     0       0       0.0515832
163     0       0       0.0465939
164     0       0       0.0457902
165     0       0       0.0456688
166     0       0       0.0461954
167     0       0       0.04408
168     0       0       0.0458979
169     0       0       0.0457547
170     0       0       0.0471013
171     0       0       0.046478
172     0       0       0.0450181
173     0       0       0.0470063
174     0       0       0.0465694
175     0       0       0.0460627
176     0       0       0.0466298
177     0       0       0.045247
178     0       0       0.0459475
179     0       0       0.0475344
180     0       0       0.0471051
181     0       0       0.0450234
182     0       0       0.0457614
183     0       0       0.0445177
184     0       0       0.0444108
185     0       0       0.0451509
186     0       0       0.0469609
187     0       0       0.0445407
188     0       0       0.0487555
189     0       0       0.0457
190     0       0       0.047113
191     0       0       0.0413509
192     0       0       0.0458529
193     0       0       0.0442393
194     0       0       0.0468787
195     0       0       0.0457295
196     0       0       0.0449745
197     0       0       0.044368
198     0       0       0.0437206
199     0       0       0.0447801
200     0       0       0.0453684
201     0       0       0.0458614
202     0       0       0.0463296
203




