p20
181     0       0       0.0462272
182     0       0       0.046886
183     0       0       0.047122
184     0       0       0.0472238
185     0       0       0.0471001
186     0       0       0.0462579
187     0       0       0.0470238
188     0       0       0.0462277
189     0       0       0.0466204
190     0       0       0.0465728
p40
181     0       0       0.0449673
182     0       0       0.0450381
183     0       0       0.0448863
184     0       0       0.0448905
185     0       0       0.044909
186     0       0       0.0447983
187     0       0       0.0452108
188     0       0       0.0451888
189     0       0       0.0450894
190     0       0       0.045683
p60
181     0       0       0.0464351
182     0       0       0.0458488
183     0       0       0.0461244
184     0       0       0.0457785
185     0       0       0.0462181
186     0       0       0.0457808
187     0       0       0.0458751
188     0       0       0.046129
189     0       0       0.0462683
190     0       0       0.0460905
p80
181     0       0       0.0458515
182     0       0       0.0458477
183     0       0       0.045681
184     0       0       0.0456062
185     0       0       0.0454841
186     0       0       0.0454154
187     0       0       0.045369
188     0       0       0.0454713
189     0       0       0.0455683
190     0       0       0.0454399
p100
181     0       0       0.0469642
182     0       0       0.0466429
183     0       0       0.0466075
184     0       0       0.0469282
185     0       0       0.0468777
186     0       0       0.0464139
187     0       0       0.0462315
188     0       0       0.0458463
189     0       0       0.045603
190     0       0       0.0459426
t20
41      0       0       0.0472384
42      0       0       0.0475194
43      0       0       0.0473287
44      0       0       0.047194
45      0       0       0.0473355
46      0       0       0.0473189
47      0       0       0.047609
48      0       0       0.0473548
49      0       0       0.0479248
50      0       0       0.047195
t40
41      0       0       0.0483959
42      0       0       0.0482315
43      0       0       0.0478342
44      0       0       0.0478682
45      0       0       0.0480618
46      0       0       0.04796
47      0       0       0.0483944
48      0       0       0.0483248
49      0       0       0.0478
50      0       0       0.0478468
t60
41      0       0       0.04758
42      0       0       0.0481912
43      0       0       0.0483286
44      0       0       0.0483645
45      0       0       0.0478205
46      0       0       0.0483717
47      0       0       0.0481736
48      0       0       0.0475456
49      0       0       0.047813
t80
41      0       0       0.0481427
42      0       0       0.0479864
43      0       0       0.0478724
44      0       0       0.0478777
45      0       0       0.0474175
46      0       0       0.0478725
47      0       0       0.0480351
48      0       0       0.0483664
49      0       0       0.0473267
t100
121     0       0       0.0470235
122     0       0       0.0470922
123     0       0       0.0470522
124     0       0       0.0470958
125     0       0       0.0470836
126     0       0       0.0471195
127     0       0       0.0471204
128     0       0       0.047116
129     0       0       0.0471694
130     0       0       0.0472508